3.18
3.99
4.84
5.89
6.49
7.28
8.09
8.90
9.73
10.58
11.30
12.18
12.91
13.82
14.59
15.53
16.31
17.09
18.01
18.76
19.67
20.41
21.30
22.16
23.03
23.88
24.72
25.53
36.33
27.24
28.12
28.99
29.83
30.65
31.58
32.49
33.38
34.26
35.12
36.07
36.90
37.82
38.72
39.72
40.61
41.58
42.44
43.40
44.34
45.27
46.29
47.21
48.21
49.21
50.11
51.09
52.16
53.14
54.10
55.16
56.21
57.16
58.21
59.25
60.28
61.40
62.43
63.54
64.57
65.68
66.78
67.88
68.97
70.07
71.24
72.33
73.50
74.66
75.81
77.05
78.20
79.42
80.63
81.92
83.12
84.38
85.71
87.03
88.34
89.70
91.4
92.43
93.87
94.36
96.87
98.41
100.0